Frequency	Gain
400.00000	 0.08385
400.55633	 0.08428
401.11266	 0.08471
401.66898	 0.08514
402.22531	 0.08557
402.78164	 0.08601
403.33797	 0.08644
403.89430	 0.08688
404.45063	 0.08732
405.00695	 0.08777
405.56328	 0.08821
406.11961	 0.08866
406.67594	 0.08911
407.23227	 0.08957
407.78860	 0.09002
408.34492	 0.09048
408.90125	 0.09094
409.45758	 0.09141
410.01391	 0.09187
410.57024	 0.09234
411.12656	 0.09281
411.68289	 0.09329
412.23922	 0.09376
412.79555	 0.09424
413.35188	 0.09472
413.90821	 0.09521
414.46453	 0.09569
415.02086	 0.09618
415.57719	 0.09667
416.13352	 0.09717
416.68985	 0.09767
417.24618	 0.09817
417.80250	 0.09867
418.35883	 0.09918
418.91516	 0.09969
419.47149	 0.10020
420.02782	 0.10072
420.58414	 0.10123
421.14047	 0.10175
421.69680	 0.10228
422.25313	 0.10281
422.80946	 0.10334
423.36579	 0.10387
423.92211	 0.10441
424.47844	 0.10495
425.03477	 0.10549
425.59110	 0.10603
426.14743	 0.10658
426.70376	 0.10714
427.26008	 0.10769
427.81641	 0.10825
428.37274	 0.10881
428.92907	 0.10938
429.48540	 0.10995
430.04172	 0.11052
430.59805	 0.11110
431.15438	 0.11168
431.71071	 0.11226
432.26704	 0.11285
432.82337	 0.11344
433.37969	 0.11404
433.93602	 0.11463
434.49235	 0.11524
435.04868	 0.11584
435.60501	 0.11645
436.16134	 0.11706
436.71766	 0.11768
437.27399	 0.11830
437.83032	 0.11893
438.38665	 0.11956
438.94298	 0.12019
439.49930	 0.12083
440.05563	 0.12147
440.61196	 0.12211
441.16829	 0.12276
441.72462	 0.12342
442.28095	 0.12407
442.83727	 0.12474
443.39360	 0.12540
443.94993	 0.12608
444.50626	 0.12675
445.06259	 0.12743
445.61892	 0.12812
446.17524	 0.12881
446.73157	 0.12950
447.28790	 0.13020
447.84423	 0.13090
448.40056	 0.13161
448.95688	 0.13232
449.51321	 0.13304
450.06954	 0.13376
450.62587	 0.13449
451.18220	 0.13522
451.73853	 0.13596
452.29485	 0.13671
452.85118	 0.13745
453.40751	 0.13821
453.96384	 0.13897
454.52017	 0.13973
455.07650	 0.14050
455.63282	 0.14128
456.18915	 0.14206
456.74548	 0.14284
457.30181	 0.14363
457.85814	 0.14443
458.41446	 0.14524
458.97079	 0.14604
459.52712	 0.14686
460.08345	 0.14768
460.63978	 0.14851
461.19611	 0.14934
461.75243	 0.15018
462.30876	 0.15103
462.86509	 0.15188
463.42142	 0.15274
463.97775	 0.15360
464.53408	 0.15447
465.09040	 0.15535
465.64673	 0.15624
466.20306	 0.15713
466.75939	 0.15803
467.31572	 0.15893
467.87204	 0.15984
468.42837	 0.16076
468.98470	 0.16169
469.54103	 0.16262
470.09736	 0.16356
470.65369	 0.16451
471.21001	 0.16547
471.76634	 0.16643
472.32267	 0.16740
472.87900	 0.16838
473.43533	 0.16937
473.99166	 0.17036
474.54798	 0.17137
475.10431	 0.17238
475.66064	 0.17340
476.21697	 0.17442
476.77330	 0.17546
477.32962	 0.17650
477.88595	 0.17756
478.44228	 0.17862
478.99861	 0.17969
479.55494	 0.18077
480.11127	 0.18186
480.66759	 0.18296
481.22392	 0.18406
481.78025	 0.18518
482.33658	 0.18631
482.89291	 0.18744
483.44924	 0.18859
484.00556	 0.18974
484.56189	 0.19091
485.11822	 0.19208
485.67455	 0.19327
486.23088	 0.19447
486.78720	 0.19567
487.34353	 0.19689
487.89986	 0.19812
488.45619	 0.19936
489.01252	 0.20061
489.56885	 0.20187
490.12517	 0.20315
490.68150	 0.20443
491.23783	 0.20573
491.79416	 0.20704
492.35049	 0.20836
492.90682	 0.20969
493.46314	 0.21103
494.01947	 0.21239
494.57580	 0.21376
495.13213	 0.21515
495.68846	 0.21654
496.24478	 0.21795
496.80111	 0.21937
497.35744	 0.22081
497.91377	 0.22226
498.47010	 0.22373
499.02643	 0.22520
499.58275	 0.22670
500.13908	 0.22820
500.69541	 0.22973
501.25174	 0.23126
501.80807	 0.23282
502.36439	 0.23438
502.92072	 0.23597
503.47705	 0.23757
504.03338	 0.23918
504.58971	 0.24081
505.14604	 0.24246
505.70236	 0.24413
506.25869	 0.24581
506.81502	 0.24751
507.37135	 0.24923
507.92768	 0.25096
508.48401	 0.25271
509.04033	 0.25448
509.59666	 0.25627
510.15299	 0.25808
510.70932	 0.25991
511.26565	 0.26176
511.82197	 0.26363
512.37830	 0.26551
512.93463	 0.26742
513.49096	 0.26935
514.04729	 0.27130
514.60362	 0.27327
515.15994	 0.27526
515.71627	 0.27727
516.27260	 0.27931
516.82893	 0.28137
517.38526	 0.28345
517.94159	 0.28556
518.49791	 0.28769
519.05424	 0.28984
519.61057	 0.29202
520.16690	 0.29422
520.72323	 0.29645
521.27955	 0.29870
521.83588	 0.30098
522.39221	 0.30329
522.94854	 0.30562
523.50487	 0.30798
524.06120	 0.31037
524.61752	 0.31279
525.17385	 0.31523
525.73018	 0.31770
526.28651	 0.32021
526.84284	 0.32274
527.39917	 0.32531
527.95549	 0.32790
528.51182	 0.33053
529.06815	 0.33319
529.62448	 0.33588
530.18081	 0.33861
530.73713	 0.34137
531.29346	 0.34416
531.84979	 0.34699
532.40612	 0.34985
532.96245	 0.35275
533.51878	 0.35569
534.07510	 0.35866
534.63143	 0.36167
535.18776	 0.36472
535.74409	 0.36781
536.30042	 0.37094
536.85675	 0.37410
537.41307	 0.37731
537.96940	 0.38056
538.52573	 0.38386
539.08206	 0.38719
539.63839	 0.39057
540.19471	 0.39400
540.75104	 0.39747
541.30737	 0.40099
541.86370	 0.40455
542.42003	 0.40816
542.97636	 0.41182
543.53268	 0.41552
544.08901	 0.41928
544.64534	 0.42309
545.20167	 0.42695
545.75800	 0.43086
546.31433	 0.43482
546.87065	 0.43884
547.42698	 0.44291
547.98331	 0.44703
548.53964	 0.45122
549.09597	 0.45546
549.65229	 0.45976
550.20862	 0.46411
550.76495	 0.46853
551.32128	 0.47300
551.87761	 0.47754
552.43394	 0.48214
552.99026	 0.48680
553.54659	 0.49153
554.10292	 0.49632
554.65925	 0.50117
555.21558	 0.50609
555.77191	 0.51108
556.32823	 0.51613
556.88456	 0.52125
557.44089	 0.52644
557.99722	 0.53170
558.55355	 0.53703
559.10987	 0.54243
559.66620	 0.54790
560.22253	 0.55344
560.77886	 0.55906
561.33519	 0.56474
561.89152	 0.57050
562.44784	 0.57633
563.00417	 0.58224
563.56050	 0.58821
564.11683	 0.59426
564.67316	 0.60038
565.22949	 0.60658
565.78581	 0.61284
566.34214	 0.61918
566.89847	 0.62559
567.45480	 0.63207
568.01113	 0.63861
568.56745	 0.64523
569.12378	 0.65191
569.68011	 0.65866
570.23644	 0.66548
570.79277	 0.67235
571.34910	 0.67929
571.90542	 0.68628
572.46175	 0.69333
573.01808	 0.70043
573.57441	 0.70758
574.13074	 0.71478
574.68707	 0.72202
575.24339	 0.72929
575.79972	 0.73660
576.35605	 0.74394
576.91238	 0.75131
577.46871	 0.75869
578.02503	 0.76608
578.58136	 0.77348
579.13769	 0.78089
579.69402	 0.78828
580.25035	 0.79566
580.80668	 0.80302
581.36300	 0.81035
581.91933	 0.81763
582.47566	 0.82487
583.03199	 0.83205
583.58832	 0.83917
584.14465	 0.84620
584.70097	 0.85314
585.25730	 0.85999
585.81363	 0.86672
586.36996	 0.87333
586.92629	 0.87981
587.48261	 0.88613
588.03894	 0.89230
588.59527	 0.89830
589.15160	 0.90411
589.70793	 0.90972
590.26426	 0.91513
590.82058	 0.92031
591.37691	 0.92526
591.93324	 0.92996
592.48957	 0.93441
593.04590	 0.93859
593.60223	 0.94249
594.15855	 0.94610
594.71488	 0.94941
595.27121	 0.95242
595.82754	 0.95511
596.38387	 0.95748
596.94019	 0.95952
597.49652	 0.96123
598.05285	 0.96260
598.60918	 0.96363
599.16551	 0.96432
599.72184	 0.96467
600.27816	 0.96467
600.83449	 0.96432
601.39082	 0.96364
601.94715	 0.96262
602.50348	 0.96126
603.05981	 0.95957
603.61613	 0.95757
604.17246	 0.95524
604.72879	 0.95261
605.28512	 0.94967
605.84145	 0.94645
606.39777	 0.94294
606.95410	 0.93916
607.51043	 0.93513
608.06676	 0.93084
608.62309	 0.92631
609.17942	 0.92156
609.73574	 0.91660
610.29207	 0.91143
610.84840	 0.90607
611.40473	 0.90054
611.96106	 0.89484
612.51739	 0.88899
613.07371	 0.88300
613.63004	 0.87687
614.18637	 0.87063
614.74270	 0.86428
615.29903	 0.85784
615.85535	 0.85131
616.41168	 0.84470
616.96801	 0.83802
617.52434	 0.83129
618.08067	 0.82452
618.63700	 0.81770
619.19332	 0.81085
619.74965	 0.80398
620.30598	 0.79710
620.86231	 0.79020
621.41864	 0.78331
621.97497	 0.77641
622.53129	 0.76953
623.08762	 0.76266
623.64395	 0.75582
624.20028	 0.74899
624.75661	 0.74220
625.31293	 0.73544
625.86926	 0.72872
626.42559	 0.72204
626.98192	 0.71541
627.53825	 0.70882
628.09458	 0.70228
628.65090	 0.69579
629.20723	 0.68935
629.76356	 0.68298
630.31989	 0.67666
630.87622	 0.67040
631.43255	 0.66420
631.98887	 0.65806
632.54520	 0.65198
633.10153	 0.64597
633.65786	 0.64002
634.21419	 0.63414
634.77051	 0.62832
635.32684	 0.62257
635.88317	 0.61689
636.43950	 0.61127
636.99583	 0.60572
637.55216	 0.60023
638.10848	 0.59481
638.66481	 0.58946
639.22114	 0.58417
639.77747	 0.57895
640.33380	 0.57380
640.89013	 0.56871
641.44645	 0.56368
642.00278	 0.55872
642.55911	 0.55382
643.11544	 0.54898
643.67177	 0.54421
644.22809	 0.53950
644.78442	 0.53485
645.34075	 0.53026
645.89708	 0.52573
646.45341	 0.52125
647.00974	 0.51684
647.56606	 0.51249
648.12239	 0.50819
648.67872	 0.50395
649.23505	 0.49976
649.79138	 0.49563
650.34771	 0.49156
650.90403	 0.48753
651.46036	 0.48356
652.01669	 0.47965
652.57302	 0.47578
653.12935	 0.47196
653.68567	 0.46820
654.24200	 0.46448
654.79833	 0.46081
655.35466	 0.45719
655.91099	 0.45361
656.46732	 0.45009
657.02364	 0.44660
657.57997	 0.44317
658.13630	 0.43977
658.69263	 0.43642
659.24896	 0.43311
659.80529	 0.42985
660.36161	 0.42663
660.91794	 0.42344
661.47427	 0.42030
662.03060	 0.41720
662.58693	 0.41413
663.14325	 0.41111
663.69958	 0.40812
664.25591	 0.40517
664.81224	 0.40225
665.36857	 0.39938
665.92490	 0.39653
666.48122	 0.39372
667.03755	 0.39095
667.59388	 0.38821
668.15021	 0.38550
668.70654	 0.38283
669.26287	 0.38019
669.81919	 0.37758
670.37552	 0.37500
670.93185	 0.37245
671.48818	 0.36993
672.04451	 0.36744
672.60083	 0.36498
673.15716	 0.36255
673.71349	 0.36015
674.26982	 0.35778
674.82615	 0.35543
675.38248	 0.35311
675.93880	 0.35082
676.49513	 0.34855
677.05146	 0.34631
677.60779	 0.34409
678.16412	 0.34190
678.72045	 0.33974
679.27677	 0.33760
679.83310	 0.33548
680.38943	 0.33338
680.94576	 0.33131
681.50209	 0.32927
682.05841	 0.32724
682.61474	 0.32524
683.17107	 0.32325
683.72740	 0.32129
684.28373	 0.31935
684.84006	 0.31744
685.39638	 0.31554
685.95271	 0.31366
686.50904	 0.31180
687.06537	 0.30997
687.62170	 0.30815
688.17803	 0.30635
688.73435	 0.30457
689.29068	 0.30280
689.84701	 0.30106
690.40334	 0.29933
690.95967	 0.29762
691.51599	 0.29593
692.07232	 0.29426
692.62865	 0.29260
693.18498	 0.29096
693.74131	 0.28934
694.29764	 0.28773
694.85396	 0.28614
695.41029	 0.28456
695.96662	 0.28300
696.52295	 0.28146
697.07928	 0.27993
697.63561	 0.27842
698.19193	 0.27692
698.74826	 0.27543
699.30459	 0.27396
699.86092	 0.27250
700.41725	 0.27106
700.97357	 0.26963
701.52990	 0.26821
702.08623	 0.26681
702.64256	 0.26542
703.19889	 0.26405
703.75522	 0.26268
704.31154	 0.26133
704.86787	 0.25999
705.42420	 0.25867
705.98053	 0.25735
706.53686	 0.25605
707.09318	 0.25476
707.64951	 0.25348
708.20584	 0.25222
708.76217	 0.25096
709.31850	 0.24972
709.87483	 0.24848
710.43115	 0.24726
710.98748	 0.24605
711.54381	 0.24485
712.10014	 0.24366
712.65647	 0.24248
713.21280	 0.24131
713.76912	 0.24015
714.32545	 0.23900
714.88178	 0.23786
715.43811	 0.23673
715.99444	 0.23561
716.55076	 0.23450
717.10709	 0.23340
717.66342	 0.23231
718.21975	 0.23123
718.77608	 0.23016
719.33241	 0.22909
719.88873	 0.22804
720.44506	 0.22699
721.00139	 0.22595
721.55772	 0.22492
722.11405	 0.22390
722.67038	 0.22289
723.22670	 0.22188
723.78303	 0.22089
724.33936	 0.21990
724.89569	 0.21892
725.45202	 0.21795
726.00834	 0.21698
726.56467	 0.21602
727.12100	 0.21507
727.67733	 0.21413
728.23366	 0.21320
728.78999	 0.21227
729.34631	 0.21135
729.90264	 0.21044
730.45897	 0.20953
731.01530	 0.20863
731.57163	 0.20774
732.12796	 0.20685
732.68428	 0.20598
733.24061	 0.20510
733.79694	 0.20424
734.35327	 0.20338
734.90960	 0.20253
735.46592	 0.20168
736.02225	 0.20084
736.57858	 0.20001
737.13491	 0.19918
737.69124	 0.19836
738.24757	 0.19755
738.80389	 0.19674
739.36022	 0.19594
739.91655	 0.19514
740.47288	 0.19435
741.02921	 0.19356
741.58554	 0.19278
742.14186	 0.19201
742.69819	 0.19124
743.25452	 0.19048
743.81085	 0.18972
744.36718	 0.18897
744.92350	 0.18822
745.47983	 0.18748
746.03616	 0.18674
746.59249	 0.18601
747.14882	 0.18528
747.70515	 0.18456
748.26147	 0.18385
748.81780	 0.18313
749.37413	 0.18243
749.93046	 0.18173
750.48679	 0.18103
751.04312	 0.18034
751.59944	 0.17965
752.15577	 0.17897
752.71210	 0.17829
753.26843	 0.17762
753.82476	 0.17695
754.38108	 0.17628
754.93741	 0.17562
755.49374	 0.17497
756.05007	 0.17432
756.60640	 0.17367
757.16273	 0.17303
757.71905	 0.17239
758.27538	 0.17175
758.83171	 0.17112
759.38804	 0.17050
759.94437	 0.16987
760.50070	 0.16926
761.05702	 0.16864
761.61335	 0.16803
762.16968	 0.16743
762.72601	 0.16682
763.28234	 0.16623
763.83866	 0.16563
764.39499	 0.16504
764.95132	 0.16445
765.50765	 0.16387
766.06398	 0.16329
766.62031	 0.16271
767.17663	 0.16214
767.73296	 0.16157
768.28929	 0.16100
768.84562	 0.16044
769.40195	 0.15988
769.95828	 0.15933
770.51460	 0.15878
771.07093	 0.15823
771.62726	 0.15768
772.18359	 0.15714
772.73992	 0.15660
773.29624	 0.15607
773.85257	 0.15553
774.40890	 0.15500
774.96523	 0.15448
775.52156	 0.15396
776.07789	 0.15344
776.63421	 0.15292
777.19054	 0.15241
777.74687	 0.15190
778.30320	 0.15139
778.85953	 0.15088
779.41586	 0.15038
779.97218	 0.14988
780.52851	 0.14939
781.08484	 0.14889
781.64117	 0.14840
782.19750	 0.14792
782.75382	 0.14743
783.31015	 0.14695
783.86648	 0.14647
784.42281	 0.14599
784.97914	 0.14552
785.53547	 0.14505
786.09179	 0.14458
786.64812	 0.14412
787.20445	 0.14365
787.76078	 0.14319
788.31711	 0.14273
788.87344	 0.14228
789.42976	 0.14183
789.98609	 0.14138
790.54242	 0.14093
791.09875	 0.14048
791.65508	 0.14004
792.21140	 0.13960
792.76773	 0.13916
793.32406	 0.13872
793.88039	 0.13829
794.43672	 0.13786
794.99305	 0.13743
795.54937	 0.13700
796.10570	 0.13658
796.66203	 0.13616
797.21836	 0.13574
797.77469	 0.13532
798.33102	 0.13491
798.88734	 0.13449
799.44367	 0.13408
800.00000	 0.13367
